Ko = 4.5
% Ko = Ko

To = 5
To = To*1
T1 = 1.87
T2 = 5.31