Ko = 4.5
Ko = Ko*1

To = 5
To = To*2
T1 = 1.87
T2 = 5.31